distance_matrix = [|0,45,18,14,26,25,11,28,27,28,39,15,14,26,10,13,6,15,18,13,15,
|45,0,42,55,20,23,38,46,18,19,20,60,56,24,50,59,44,53,36,57,31,
|18,42,0,32,30,31,8,10,23,22,44,28,18,33,13,24,12,33,31,30,23,
|14,55,32,0,35,33,25,41,39,40,45,11,20,33,21,15,20,4,21,3,24,
|26,20,30,35,0,3,23,38,12,14,14,41,39,5,34,40,27,33,15,37,11,
|25,23,31,33,3,0,23,40,15,17,14,39,39,2,34,39,26,30,12,34,10,
|11,38,8,25,23,23,0,18,19,19,37,25,18,25,12,22,6,26,23,25,14,
|28,46,10,41,38,40,18,0,29,28,52,36,24,42,21,31,22,43,41,39,32,
|27,18,23,39,12,15,19,29,0,2,24,42,37,17,32,40,25,38,24,40,16,
|28,19,22,40,14,17,19,28,2,0,26,43,37,19,31,40,25,39,26,41,17,
|39,20,44,45,14,14,37,52,24,26,0,53,53,12,48,53,40,41,23,47,24,
|15,60,28,11,41,39,25,36,42,43,53,0,12,40,15,5,18,15,30,8,30,
|14,56,18,20,39,39,18,24,37,37,53,12,0,40,5,7,12,24,32,18,28,
|26,24,33,33,5,2,25,42,17,19,12,40,40,0,35,40,28,30,12,35,11,
|10,50,13,21,34,34,12,21,32,31,48,15,5,35,0,10,7,23,29,19,24,
|13,59,24,15,40,39,22,31,40,40,53,5,7,40,10,0,15,18,31,12,29,
|6,44,12,20,27,26,6,22,25,25,40,18,12,28,7,15,0,21,22,19,16,
|15,53,33,4,33,30,26,43,38,39,41,15,24,30,23,18,21,0,18,7,22,
|18,36,31,21,15,12,23,41,24,26,23,30,32,12,29,31,22,18,0,23,10,
|13,57,30,3,37,34,25,39,40,41,47,8,18,35,19,12,19,7,23,0,26,
|15,31,23,24,11,10,14,32,16,17,24,30,28,11,24,29,16,22,10,26,0|];
demand = [0,15,14,-15,19,10,12,-12,16,36,12,13,-29,14,6,-27,13,18,21,8,20];
